0 ISS (ZARYA)
1 25544U 98067A   22290.19422747  .00014688  00000-0  26371-3 0  9990
2 25544  51.6432  92.1296 0003569 315.0383 213.8529 15.50120356364100
0 ISS (ZARYA)
1 25544U 98067A   22290.37442299  .00015341  00000-0  27499-3 0  9993
2 25544  51.6430  91.2326 0003474 312.5230 142.6117 15.50128069364134
0 ISS (ZARYA)
1 25544U 98067A   22290.50488293  .00013999  00000-0  25167-3 0  9999
2 25544  51.6427  90.5895 0003447 313.4987 150.1352 15.50128511364151
0 ISS (ZARYA)
1 25544U 98067A   22290.76828946  .00015865  00000-0  28397-3 0  9992
2 25544  51.6422  89.2789 0003316 312.7838 181.7649 15.50140930364197
0 ISS (ZARYA)
1 25544U 98067A   22290.96329021  .00500951  00000-0  83537-2 0  9995
2 25544  51.6451  88.3182 0004637 339.1995 163.9438 15.49601904364223
0 ISS (ZARYA)
1 25544U 98067A   22291.16035507 -.00020718  00000-0 -36180-3 0  9994
2 25544  51.6441  87.3428 0005299 355.8614 167.2808 15.49529752364253
0 ISS (ZARYA)
1 25544U 98067A   22291.33650756  .00055030  00000-0  97976-3 0  9995
2 25544  51.6391  86.4728 0005223 350.8251  75.6247 15.49572996364289
0 ISS (ZARYA)
1 25544U 98067A   22291.53796872  .00153445  00000-0  26872-2 0  9992
2 25544  51.6368  85.4700 0006286 350.3286 120.6635 15.49530515364312
0 ISS (ZARYA)
1 25544U 98067A   22291.53796872  .00153445  00000-0  26872-2 0  9992
2 25544  51.6368  85.4700 0006286 350.3286 120.6635 15.49530515364312
0 ISS (ZARYA)
1 25544U 98067A   22291.53796872  .00153445  00000-0  26872-2 0  9992
2 25544  51.6368  85.4700 0006286 350.3286 120.6635 15.49530514364311
0 ISS (ZARYA)
1 25544U 98067A   22291.73465701  .00116849  00000-0  20658-2 0  9991
2 25544  51.6381  84.4988 0005610 345.0750 143.8698 15.49423201364343
0 ISS (ZARYA)
1 25544U 98067A   22291.73465701  .00116849  00000-0  20658-2 0  9991
2 25544  51.6381  84.4988 0005610 345.0750 143.8698 15.49423201364343
0 ISS (ZARYA)
1 25544U 98067A   22291.73465701  .00117573  00000-0  20658-2 0  9996
2 25544  51.6381  84.4988 0005610 345.0750 143.8698 15.49595558364348
0 ISS (ZARYA)
1 25544U 98067A   22291.86798476  .00029064  00000-0  52294-3 0  9997
2 25544  51.6421  83.8389 0004947 345.7390 167.4603 15.49575842364364
0 ISS (ZARYA)
1 25544U 98067A   22291.92380170  .00016613  00000-0  30293-3 0  9993
2 25544  51.6411  83.5638 0005123 348.0083 116.7618 15.49566812364370